Year,Missing,True,False
1386,89.63,0.0,10.37
1387,87.31,0.0,12.69
1388,88.85,0.0,11.15
1389,87.45,0.0,12.55
1390,86.1,0.0,13.9
1391,85.13,14.87,0.0
1392,86.32,13.68,0.0
1393,85.46,14.54,0.0
1394,85.55,14.45,0.0
1395,84.63,15.37,0.0
1396,83.1,16.9,0.0
1397,82.03,17.97,0.0
1398,81.59,18.41,0.0
1399,81.89,18.11,0.0
1400,82.5,17.5,0.0
1401,79.82,20.18,0.0
