Year,Missing,True,False
1385,0.0,0.0,100.0
1386,88.43,0.0,11.57
1387,89.22,0.0,10.78
1388,88.07,0.0,11.93
1389,87.39,0.0,12.61
1390,86.84,0.0,13.16
1391,86.1,13.9,0.0
1392,84.51,15.49,0.0
1393,83.96,16.04,0.0
1394,83.94,16.06,0.0
1395,83.36,16.64,0.0
1396,81.41,18.59,0.0
1397,84.63,15.37,0.0
1398,84.66,15.34,0.0
1399,84.99,15.01,0.0
1400,85.07,14.93,0.0
1401,82.03,17.97,0.0
