Year,Missing,True,False
1385,0.0,32.67,67.33
1386,65.57,34.4,0.04
1387,65.69,34.27,0.04
1388,64.92,35.08,0.0
1389,63.3,36.7,0.0
1390,61.16,38.84,0.0
1391,59.83,40.17,0.0
1392,59.74,40.26,0.0
1393,59.96,40.04,0.0
1394,58.42,41.58,0.0
1395,57.65,42.35,0.0
1396,55.1,44.9,0.0
1397,56.85,43.15,0.0
1398,56.98,43.02,0.0
1399,56.57,43.43,0.0
1400,59.91,40.09,0.0
1401,57.26,42.74,0.0
1402,57.24,42.76,0.0
