Year,Missing,True,False
1387,0.0,7.78,92.22
1388,0.0,11.13,88.87
1389,0.0,12.97,87.03
1390,86.38,11.81,1.81
1391,0.0,10.22,89.78
1392,0.0,17.9,82.1
1393,0.0,17.34,82.66
1394,0.0,17.68,82.32
1395,0.0,17.28,82.72
1396,0.0,21.13,78.87
1397,0.0,27.16,72.84
1398,0.0,21.4,78.6
1399,0.0,22.29,77.71
1400,0.0,22.13,77.87
1401,77.1,22.9,0.0
1402,78.24,21.76,0.0
